Words in dictionary:  19369
Query:  computer system
Relevant documents: 2306 5189 4166 4615 5110 5178 1308 2782 
4615 77.07903
2782 80.90256
4166 83.84542
5178 84.58705
5110 85.40775
1308 86.32195
2306 87.77677
5189 87.95329
Query:  building area
Relevant documents: 4545 4514 1288 1035 5331 5336 1979 
1288 84.32426
1979 84.68402
4514 86.46811
4545 86.78757
5336 87.77510
1035 88.10655
5331 88.26984
Query:  high levels growth
Relevant documents: 2022 40 
40 75.39128
2022 83.46342
